Bridge:
1.
start:  (-6, 0, 60),
end: (6, 6, 60) 
0.0016567707061767578
Path: [((6, 6, 60), 3), ((5, 6, 60), 3), ((4, 6, 60), 3), ((4, 5, 60), 3), ((4, 4, 60), 3), ((4, 3, 60), 3), ((4, 2, 60), 3), ((3, 2, 60), 3), ((2, 2, 60), 3), ((1, 2, 60), 3), ((0, 2, 60), 3), ((0, 1, 60), 3), ((-1, 1, 61), 3), ((-2, 1, 62), 3), ((-3, 1, 61), 3), ((-4, 1, 60), 3), ((-5, 1, 60), 3), ((-6, 1, 60), 3), ((-6, 0, 60), 3)]
Total cost: 19.656854249492383
0.0004050731658935547
Path: [(6, 6, 60), (5, 6, 60), (4, 6, 60), (4, 5, 60), (4, 4, 60), (4, 3, 60), (4, 2, 60), (3, 2, 60), (2, 2, 60), (1, 2, 60), (0, 2, 60), (0, 1, 60), (-1, 1, 61), (-2, 1, 62), (-3, 1, 61), (-4, 1, 60), (-5, 1, 60), (-6, 1, 60), (-6, 0, 60)]
Total cost: 19.656854249492383

2. 
0.0006518363952636719
Path: [((-2, 1, 62), 3), ((-1, 1, 61), 3), ((0, 1, 60), 3), ((1, 1, 60), 3), ((1, 2, 60), 3), ((2, 2, 60), 3), ((3, 2, 60), 3), ((4, 2, 60), 3), ((4, 3, 60), 3), ((4, 4, 60), 3), ((4, 5, 60), 3), ((5, 5, 60), 3), ((5, 6, 60), 3), ((6, 6, 60), 3)]
Total cost: 13.82842712474619
0.0008518695831298828
Path: [(-2, 1, 62), (-1, 1, 61), (0, 1, 60), (1, 1, 60), (1, 2, 60), (2, 2, 60), (3, 2, 60), (4, 2, 60), (4, 3, 60), (4, 4, 60), (4, 5, 60), (5, 5, 60), (5, 6, 60), (6, 6, 60)]
Total cost: 13.82842712474619

3.
0.0009930133819580078
Path: [((-6, 0, 60), 3), ((-5, 0, 60), 3), ((-4, 0, 60), 3), ((-4, 1, 60), 3), ((-3, 1, 61), 3), ((-2, 1, 62), 3), ((-1, 1, 61), 3), ((0, 1, 60), 3), ((1, 1, 60), 3), ((1, 2, 60), 3), ((2, 2, 60), 3), ((3, 2, 60), 3), ((4, 2, 60), 3), ((4, 3, 60), 3), ((4, 4, 60), 3), ((4, 5, 60), 3), ((5, 5, 60), 3), ((5, 6, 60), 3), ((6, 6, 60), 3)]
Total cost: 19.65685424949238
0.0004811286926269531
Path: [(-6, 0, 60), (-5, 0, 60), (-4, 0, 60), (-4, 1, 60), (-3, 1, 61), (-2, 1, 62), (-1, 1, 61), (0, 1, 60), (1, 1, 60), (1, 2, 60), (2, 2, 60), (3, 2, 60), (4, 2, 60), (4, 3, 60), (4, 4, 60), (4, 5, 60), (5, 5, 60), (5, 6, 60), (6, 6, 60)]
Total cost: 19.65685424949238

Skyblock:
1. 
start: (5, 5, 60)
end: (0, 0, 60)
0.0017688274383544922
Path: [((5, 5, 60), 3), ((4, 5, 60), 3), ((4, 4, 60), 3), ((4, 3, 60), 3), ((4, 2, 60), 3), ((3, 2, 60), 3), ((2, 2, 60), 3), ((1, 2, 60), 3), ((1, 1, 60), 3), ((0, 1, 60), 3), ((0, 0, 60), 2)]
Total cost: 11.0
0.00047707557678222656
Path: False
Total cost: 0
2. 
start: (0, 0, 60)
end:  (5, 5, 60)
0.0011739730834960938
Path: [((0, 0, 60), 3), ((0, 1, 60), 3), ((1, 1, 60), 3), ((1, 2, 60), 3), ((2, 2, 60), 3), ((3, 2, 60), 3), ((4, 2, 60), 3), ((4, 3, 60), 3), ((4, 4, 60), 3), ((4, 5, 60), 3), ((5, 5, 60), 3)]
Total cost: 10.0
0.00038886070251464844
Path: [(0, 0, 60), (0, 1, 60), (1, 1, 60), (1, 2, 60), (2, 2, 60), (3, 2, 60), (4, 2, 60), (4, 3, 60), (4, 4, 60), (4, 5, 60), (5, 5, 60)]
Total cost: 10.0
3. 
